2512
80114
5745
83468
29940
2996
1396
23513
4330
55841
144402
3236
25994
837
29015
90293
146923
5165
57583
57419
8496
8828
10400
3431
2825
80131
2166
7077
57124
5090
3315
8506
55799
3290
5980
79899
55107
22884
10289
57134
4097
91010
2099
147007
55785
23284
10082
5764
685
83938
2995
81543
5218
1475
4072
92359
1525
1809
8854
163183
6907
8324
56929
5270
930
90634
196463
64343
9890
5153
54331
79039
57699
6535
8510
4487
22891
9873
94015
145407
823
9936
5360
9580
23554
55571
3382
387849
80024
5376
55092
55502
634
3075
5652
3224
65987
3221
6643
5654
23460
54795
2122
54344
114569
51166
152877
3217
79816
404636
6184
51339
10053
5825
221895
10040
11187
8835
6337
10605
9122
114769
55454
92399
9060
54802
3170
27044
64221
1429
129563
58504
9265
122616
116039
126695
55624
7373
79446
54874
55619
92017
25891
64121
57088
54742
23643
25849
100133941
374882
113451
2326
730
51471
254887
389058
3214
51361
8934
65268
6001
10404
63892
79161
7392
29985
22881
84679
7364
55197
285141
55527
23247
284086
79918
54838
55013
4215
140609
5007
55677
6262
401546
2651
9697
8722
151449
84898
23623
50865
5768
91523
6386
1428
51363
3073
25798
83707
57568
206338
7718
81621
3705
91614
26058
152519
5236
1292
9934
1634
4035
3206
112752
127733
8935
9846
151742
58495
5919
343450
6923
57514
28959
3703
161291
387700
958
5550
54996
54845
3913
23512
7739
65083
100506658
3207
8045
1312
3000
10449
7163
4139
83719
57639
56704
57535
219621
22941
57142
26155
3216
9454
7447
57722
112970
203447
686
26063
6391
116966
3309
6299
81855
55122
9601
79925
27237
92421
9448
147798
1365
1295
152137
8612
7412
10577
8694
388564
8189
56924
9686
8566
2719
7410
23246
3710
8840
10720
221935
57596
7965
10630
57111
23463
26468
140825
5909
6672
149473
5529
7368
2048
2018
55824
54836
493
57619
1632
51367
9037
84501
55068
100130933
145853
57060
9938
4259
167838
79767
10220
165
54796
57172
57484
57226
5569
10085
53407
254228
2167
51400
1152
5420
1832
10420
9962
3980
4211
246243
3200
80704
2824
51393
6909
4599
9903
2063
57834
50807
10350
1612
9365
10243
7106
3223
51088
8733
5564
25843
23102
2580
54840
387758
1468
3664
2041
3215
4246
115708
84803
5437
27086
56935
8893
6744
131474
6876
9632
494470
8543
392307
9902
3231
3842
1952
6760
7597
4048
2948
200634
10653
5924
9091
84262
9590
10388
219738
83548
2258
8611
54360
23158
9477
126731
23198
149466
256764
1802
5587
3588
5705
6597
29969
10010
6776
83479
10677
144348
120
23479
55733
10690
55342
3397
5432
27089
374407
3455
4722
2288
91862
148398
57118
3423
54890
2125
2624
9040
3308
2627
572
516
5876
5157
153222
9922
64087
4534
9839
25927
79977
1749
2977
139728
83478
5358
7874
93210
254863
2838
23593
81533
80345
1176
84270
5976
7087
2737
5493
3730
54897
2348
6035
84172
9131
57481
283229
91653
5777
1840
832
5590
160518
6942
9111
666
2683
8434
26002
9191
716
5306
51473
26301
23556
2274
741
8078
26995
9658
130557
387914
5627
4646
1514
7076
8395
55011
201191
26580
57530
9446
64072
828
150275
9071
23527
26127
7345
1307
115704
57325
1366
6446
1837
80195
8437
633
10267
7088
9788
54913
55014
23625
5241
196527
80310
961
117177
5691
79784
3145
4728
126668
5530
8887
402682
79269
84518
84708
10060
164
5702
128077
26751
8027
54539
3898
3177
29945
10875
57569
10856
84287
148932
56654
83692
26092
10548
51170
130589
23300
347735
54101
2100
8409
19
10131
2261
8349
10279
23414
128869
595
6926
49856
63951
10190
9415
5359
6610
29116
408
55226
3482
1296
5010
118987
59
83879
160335
8910
6478
8499
56144
30968
5337
58497
23646
6453
5136
29800
10672
25966
4601
147645
59307
113452
949
5774
93517
400451
55132
9124
54805
9790
55930
5531
83752
261729
117581
84281
25979
56893
3831
10055
9213
6096
10763
80728
5322
3597
126969
5460
26233
6484
54812
51337
11328
341640
221830
22903
51236
3237
54942
6387
80173
9529
114049
10561
6938
10154
58489
10667
4062
1182
56895
57037
23286
79712
210
9049
127018
343641
389376
79745
9955
389558
8693
51703
7263
1956
84255
220074
4919
123803
10618
112770
7082
8890
55506
1001
23566
166336
10333
57326
56910
8661
1901
85465
9832
1112
7283
399512
51524
154214
114294
166348
55179
684
89891
10175
10186
122622
23242
445328
8635
375
5518
4939
7431
51678
3880
9732
9811
3909
9053
29841
7292
4927
64928
10383
23607
2568
113802
7923
8322
2029
55669
2117
83643
10982
29995
160622
4053
10004
414918
7317
27032
10591
1265
7295
123264
9958
196792
9987
3481
5274
6899
7504
83872
79692
100287932
57402
57662
80021
10207
27286
54843
51599
2775
6622
84304
51523
10436
9891
55686
11097
10768
57510
2217
23552
6886
64224
147495
9848
3213
5865
285195
80789
10133
4199
22801
2707
10346
11117
6444
8766
26298
5257
4311
178
2065
1102
622
286676
79884
23624
64094
80324
9095
2531
79823
6674
5680
10256
50801
23613
1959
3275
152503
23007
136895
2646
2978
23077
65981
79176
11108
10351
57565
27010
5093
163071
255349
83605
22808
56904
84687
4600
10205
10365
9077
3797
1040
6506
7058
552
5414
10659
10682
2786
8711
6599
224
10758
219623
117531
51726
79879
1345
80232
84261
10248
9836
323
90378
57724
120071
201163
55365
4953
5362
55605
140597
79895
64975
150590
10959
7325
84696
120892
4653
115827
9543
55568
9653
29121
283987
221303
388389
51063
92104
89970
53820
4780
353345
219736
81849
157285
214
23236
27141
65979
80305
8742
51087
414
3911
64855
171019
5700
7122
51441
159195
3218
286077
4642
57690
64065
10901
441168
144404
140691
23443
92293
27287
64398
129138
84305
9117
10298
10344
1294
79183
37
55748
5714
1903
93587
64220
79642
2908
23321
5803
3249
5442
8913
5912
54811
64747
79706
2020
515
29954
339123
79016
3028
25831
84922
8522
55756
60684
4212
55691
6714
23640
64073
10128
9238
4671
663
348013
27300
5500
3631
55054
84283
3065
2331
30812
245973
372
5879
80308
10309
54902
25797
1850
27252
55328
84168
10669
114793
31
170692
7534
65264
25902
57010
56034
11345
27148
3708
79863
933
10452
3156
11112
64407
114757
79901
58191
9459
306
84720
55600
55695
28971
57533
185
2975
6871
80723
4916
51302
5591
51141
10752
2846
8344
9789
861
8013
9638
1786
23272
222171
81932
440689
2639
3706
10466
10392
9611
682
8745
51195
142683
4908
200172
27303
10726
64838
80157
55168
10494
30850
10969
55721
5245
7528
8364
5338
60488
57475
5468
55359
54543
90576
155
149175
140901
4148
744
2590
7022
2628
