80184
80267
51351
55285
6619
1522
80351
8148
51322
26298
27236
3696
10725
6018
5295
7163
23137
546
10111
27286
7290
8895
159
5172
23607
55320
55681
6387
11117
4001
9849
25957
3842
375248
3487
9774
23376
3320
3895
55607
79912
5756
55769
9910
51361
1040
7175
283298
10142
80321
23272
2058
7110
5608
8615
5286
4671
10516
6430
23461
1292
80258
330
80173
79740
7077
7644
4681
54629
57035
5332
10010
79782
9694
770
23086
10563
11201
54832
9988
3248
1284
23015
10207
51747
7072
4603
54103
2181
55314
6322
118987
51134
633
9252
2701
3572
53832
9652
23253
25788
112479
5887
57730
1289
9208
2182
1829
2615
284119
27122
3489
4239
5357
5157
54769
55623
79755
10402
889
6876
8204
64116
10690
165
10592
64446
5980
4646
9638
79884
688
55704
8481
10398
59
10040
1047
7070
3082
2331
80010
744
22795
960
7145
7849
5321
4053
55329
8323
51012
1525
4256
9848
1809
55973
7057
2150
7855
55259
79689
351
1894
3488
80157
25891
2326
2066
6422
4638
1958
10205
3777
11005
1580
6366
54762
4330
8942
358
5740
4499
9452
1062
5348
1264
10365
8839
25802
8876
6565
64065
11346
1805
7058
6296
7177
5549
10635
9134
2532
3620
4320
6943
8324
3854
4684
7200
2891
259266
948
6750
6699
6317
3223
6707
6519
1048
8076
4629
6318
3161
1191
3851
2354
6698
3832
7272
3779
140597
1087
3294
2568
2512
80114
5745
83468
29940
2996
1396
23513
55841
144402
3236
25994
837
29015
90293
146923
5165
57583
57419
8496
8828
10400
3431
2825
80131
2166
57124
5090
3315
8506
55799
3290
79899
55107
22884
10289
57134
4097
91010
2099
147007
55785
23284
10082
5764
685
83938
2995
81543
5218
1475
4072
92359
8854
163183
6907
56929
5270
930
90634
196463
64343
9890
5153
54331
79039
57699
6535
8510
4487
22891
9873
94015
145407
823
9936
5360
9580
23554
55571
3382
387849
80024
5376
55092
55502
634
3075
5652
3224
65987
3221
6643
5654
23460
54795
2122
54344
114569
51166
152877
3217
79816
404636
6184
51339
10053
5825
221895
11187
8835
6337
10605
9122
114769
55454
92399
9060
54802
3170
27044
64221
1429
129563
58504
9265
122616
116039
126695
55624
7373
79446
54874
55619
92017
64121
57088
54742
23643
25849
100133941
374882
113451
730
51471
254887
389058
3214
8934
65268
6001
10404
63892
79161
7392
29985
22881
84679
7364
55197
285141
55527
23247
284086
79918
54838
55013
4215
140609
5007
55677
6262
401546
2651
9697
8722
151449
84898
23623
50865
5768
91523
6386
1428
51363
3073
25798
83707
57568
206338
7718
81621
3705
91614
26058
152519
5236
9934
1634
4035
3206
112752
127733
8935
9846
151742
58495
5919
343450
6923
57514
28959
3703
161291
387700
958
5550
54996
54845
3913
23512
7739
65083
100506658
3207
8045
1312
3000
10449
4139
83719
57639
56704
57535
219621
22941
57142
26155
3216
9454
7447
57722
112970
203447
686
26063
6391
116966
3309
6299
81855
55122
9601
79925
27237
92421
9448
147798
1365
1295
152137
8612
7412
10577
8694
388564
8189
56924
9686
8566
2719
7410
23246
3710
8840
10720
221935
57596
7965
10630
57111
23463
26468
140825
5909
6672
149473
5529
7368
2048
2018
55824
54836
493
57619
1632
51367
9037
84501
55068
100130933
145853
57060
9938
4259
167838
79767
10220
54796
57172
57484
57226
5569
10085
53407
254228
2167
51400
1152
5420
1832
10420
9962
3980
4211
246243
3200
80704
2824
51393
6909
4599
9903
2063
57834
50807
10350
1612
9365
10243
7106
51088
8733
5564
25843
23102
2580
54840
387758
1468
3664
2041
3215
4246
115708
84803
5437
27086
56935
8893
6744
131474
9632
494470
8543
392307
9902
3231
1952
6760
7597
4048
2948
200634
10653
5924
9091
84262
9590
10388
219738
83548
2258
8611
54360
23158
9477
126731
23198
149466
256764
1802
5587
3588
5705
6597
29969
6776
83479
10677
144348
120
23479
55733
55342
3397
5432
27089
374407
3455
4722
2288
91862
148398
57118
3423
54890
2125
2624
9040
3308
2627
572
516
5876
153222
9922
64087
4534
9839
25927
79977
1749
2977
139728
83478
5358
7874
93210
254863
2838
23593
81533
80345
1176
84270
5976
7087
2737
5493
3730
54897
2348
6035
84172
9131
57481
283229
91653
5777
1840
832
5590
160518
6942
9111
666
2683
8434
26002
9191
716
5306
51473
26301
23556
2274
741
8078
26995
9658
130557
387914
5627
1514
7076
8395
55011
201191
26580
57530
9446
64072
828
150275
9071
23527
26127
7345
1307
115704
57325
1366
6446
1837
80195
8437
10267
7088
9788
54913
55014
23625
5241
196527
80310
961
117177
5691
79784
3145
4728
126668
5530
8887
402682
79269
84518
84708
10060
164
5702
128077
26751
8027
54539
3898
3177
29945
10875
57569
10856
84287
148932
56654
83692
26092
10548
51170
130589
23300
347735
54101
2100
8409
19
10131
2261
8349
10279
23414
128869
595
6926
49856
63951
10190
9415
5359
6610
29116
408
55226
3482
1296
5010
83879
160335
8910
6478
8499
56144
30968
5337
58497
23646
6453
5136
29800
10672
25966
4601
147645
59307
113452
949
5774
93517
400451
55132
9124
54805
9790
55930
5531
83752
261729
117581
84281
25979
56893
3831
10055
9213
6096
10763
80728
5322
3597
126969
5460
26233
6484
54812
51337
11328
341640
221830
22903
51236
3237
54942
9529
114049
10561
6938
10154
58489
10667
4062
1182
56895
57037
23286
79712
210
9049
127018
343641
389376
79745
9955
389558
8693
51703
7263
1956
84255
220074
4919
123803
10618
112770
7082
8890
55506
1001
23566
166336
10333
57326
56910
8661
1901
85465
9832
1112
7283
399512
51524
154214
114294
166348
55179
684
89891
10175
10186
122622
23242
445328
8635
375
5518
4939
7431
51678
3880
9732
9811
3909
9053
29841
7292
4927
64928
10383
113802
7923
8322
2029
55669
2117
83643
10982
29995
160622
10004
414918
7317
27032
10591
1265
7295
123264
9958
196792
9987
3481
5274
6899
7504
83872
79692
100287932
57402
57662
80021
54843
51599
2775
6622
84304
51523
10436
9891
55686
11097
10768
57510
2217
23552
6886
64224
147495
3213
5865
285195
80789
10133
4199
22801
2707
10346
6444
8766
5257
4311
178
2065
1102
622
286676
23624
64094
80324
9095
2531
79823
6674
5680
10256
50801
23613
1959
3275
152503
23007
136895
2646
2978
23077
65981
79176
11108
10351
57565
27010
5093
163071
255349
83605
22808
56904
84687
4600
9077
3797
6506
552
5414
10659
10682
2786
8711
6599
224
10758
219623
117531
51726
79879
1345
80232
84261
10248
9836
323
90378
57724
120071
201163
55365
4953
5362
55605
79895
64975
150590
10959
7325
84696
120892
4653
115827
9543
55568
9653
29121
283987
221303
388389
51063
92104
89970
53820
4780
353345
219736
81849
157285
214
23236
27141
65979
80305
8742
51087
414
3911
64855
171019
5700
7122
51441
159195
3218
286077
4642
57690
10901
441168
144404
140691
23443
92293
27287
64398
129138
84305
9117
10298
10344
1294
79183
37
55748
5714
1903
93587
64220
79642
2908
23321
5803
3249
5442
8913
5912
54811
64747
79706
2020
515
29954
339123
79016
3028
25831
84922
8522
55756
60684
4212
55691
6714
23640
64073
10128
9238
663
348013
27300
5500
3631
55054
84283
3065
30812
245973
372
5879
80308
10309
54902
25797
1850
27252
55328
84168
10669
114793
31
170692
7534
65264
25902
57010
56034
11345
27148
3708
79863
933
10452
3156
11112
64407
114757
79901
58191
9459
306
84720
55600
55695
28971
57533
185
2975
6871
80723
4916
51302
5591
51141
10752
2846
8344
9789
861
8013
1786
222171
81932
440689
2639
3706
10466
10392
9611
682
8745
51195
142683
4908
200172
27303
10726
64838
55168
10494
30850
10969
55721
5245
7528
8364
5338
60488
57475
5468
55359
54543
90576
155
149175
140901
4148
2590
7022
2628
8728
5635
9818
9618
51605
1116
1389
26355
375449
56956
153562
79903
79921
57522
22990
80150
64359
23173
11099
80790
83700
4208
8777
858
27115
3718
55652
55286
23194
9805
4660
55970
23338
23731
9520
55603
81619
57149
79611
441027
55137
3964
9711
54520
283349
8099
989
64115
51347
200942
170622
6197
6332
80335
5118
117583
4645
7220
126669
345557
84333
7450
9467
90139
85004
3428
222
85463
79443
56271
59342
375790
987
3212
9545
253827
2992
5076
54869
10493
9640
84899
166647
5900
6867
10202
9026
1750
6768
1806
4881
7355
9182
339745
259217
2260
1831
64283
57139
8804
10838
9749
7326
857
8301
112574
9201
81627
23111
4253
9620
3418
170302
27254
55616
5757
2768
10610
29091
65125
80031
40
1979
23299
644150
79144
51447
85406
25945
51389
2778
83862
2776
89927
7205
56967
7162
2296
7030
2626
88455
22949
6175
85012
84376
2619
4214
269
127435
113235
3146
3566
1842
23114
54918
202333
10810
84441
56265
9844
124930
11123
718
10495
58493
123775
142
26011
64091
10126
8436
8490
8411
27244
29951
3837
115361
6584
64207
7482
9865
55742
11145
6598
201475
26996
29842
1540
129804
55636
5507
8724
6711
128553
134111
84061
8604
3234
9985
800
27229
8976
53826
4166
25999
309
79096
5178
2034
221395
10130
57460
399664
55920
64853
22906
2098
132299
8573
64321
665
284
6038
256586
115
83604
85414
8463
201266
7157
10098
56987
9455
7204
3316
116496
5027
23325
203328
191
4921
9867
121274
12
259230
136647
6041
79812
5932
10000
400916
729438
404037
56999
2022
27295
5211
90102
80832
3291
2059
90187
835
90161
7164
26112
28232
2690
11259
9655
4077
117178
6095
5725
140606
10423
27314
6508
27134
8905
8125
1281
11155
80833
715
6929
65267
55133
81894
8826
221184
54492
4784
3149
9061
8476
57659
22841
27102
55171
79894
29957
10606
79691
55740
5660
23186
50937
92579
25805
79966
7428
767
6635
29911
51191
7084
4781
5697
3796
2321
328
84867
64784
1534
7102
2052
79624
348094
23193
6419
23475
5141
9315
57670
10129
51090
57556
3190
10231
4803
51642
1875
3081
79447
9517
51575
79829
5928
6405
23584
90861
89958
5154
25890
9289
4000
4670
1382
54820
56950
824
55220
999
51201
8850
219402
3643
4744
57488
3920
7812
2799
1948
115207
64866
7472
7113
390980
2252
7468
116255
130574
57198
395
5832
55270
3856
2139
1756
7351
57708
10550
5771
57146
80205
54536
983
30815
10791
56975
25937
57669
135932
90411
55679
256364
9882
9555
113612
4800
10950
4772
3268
1645
3159
53335
2650
144423
5566
167681
80209
57515
5522
9654
2960
6429
168002
6840
22877
1073
2263
23224
831
10194
3371
6993
83451
9377
10955
4171
2335
151887
1893
10983
3841
23767
91300
84513
1124
3479
11342
7799
316
282809
4488
128218
6709
80306
56985
8128
60495
6732
2157
84336
10157
9444
26033
10362
6777
8438
3977
254428
121601
146057
83695
9212
1455
4582
60559
6627
627
2869
78989
2202
92999
79982
25911
23047
1734
57620
7013
10526
9320
9470
220988
3133
283078
54737
139231
135138
11041
7049
25800
2882
9737
401152
834
122773
1846
1363
81617
29899
6421
4704
10160
4915
1808
114897
9068
1400
122525
55075
253650
10489
55147
10801
84085
84961
285382
387103
23382
5532
57591
57643
8537
79679
3070
374864
3094
2040
23175
7436
7464
11011
115294
22872
8767
6249
338811
2542
54529
1650
7048
3983
9338
79137
89122
727910
9532
201725
26520
84294
5138
56995
80816
2947
5621
116154
51312
1780
2487
9630
11080
23769
23166
5463
54881
8914
119391
114132
23510
4026
79442
8450
54549
10913
138162
26297
118
23467
51804
57821
26960
23333
86
11213
51514
6541
152992
51705
776
138065
2729
4173
23499
9663
25862
10551
4205
10857
6934
54407
124997
63917
81553
56255
8073
9837
23493
54386
5936
8404
2923
5588
4301
783
8879
254295
55061
6812
9104
65124
8625
51317
10611
79989
2969
7045
4299
55808
55893
252839
5092
23647
57664
5499
202915
2176
92181
51078
57552
7884
3416
22954
9771
4958
4154
83852
51435
84460
141
53340
25989
53828
121053
3140
444
2847
771
8458
4233
25829
5737
9971
9322
55026
150223
25925
54470
1434
2039
9218
23371
138151
84293
122953
2752
641
118426
119587
10236
55706
56998
27293
91050
57658
23492
9768
140885
9700
10189
1994
4133
3150
114882
4056
5993
51100
23503
114799
129293
5156
25844
57799
54583
25938
25975
79056
162967
64147
3202
2026
9217
81844
1203
118788
55421
262
11211
7170
3720
2781
6928
388272
158219
7294
51176
79228
3833
126328
1804
55084
25780
3993
8363
6586
5727
1788
57486
4750
1298
79962
11202
23180
9693
79789
23310
821
4683
2146
152926
9650
54682
5565
23469
114904
10166
283
5446
7169
3182
373
25996
375033
26020
5602
23219
84901
219899
56907
9542
51274
219285
84272
8609
10238
29993
55771
32
9889
100652748
219771
5494
2043
84869
10491
55529
4254
890
7320
283869
2618
10903
2177
2631
3910
199692
155038
151556
29103
11343
5639
6767
151963
2121
80139
143686
340024
64284
55711
11034
84844
10513
3798
5352
1164
195828
10237
26056
1200
79090
10555
54809
22836
51062
23363
257019
29767
56977
11037
57631
3918
5099
335
23048
56928
2791
5082
145567
51629
54756
55172
55129
728215
146691
92714
55573
27315
130132
10212
55283
134218
100507436
23023
1759
387263
10673
55870
9989
257364
10535
2060
10600
11278
79605
202052
1240
79630
83715
4644
375190
11004
140461
6636
10811
80017
4085
644
8788
2327
155368
2078
64793
2549
4360
710
286207
51614
121551
3433
6632
10209
79668
5176
10217
55074
10772
10103
85315
23059
113220
81839
9815
10367
28999
79682
23034
1627
9132
3835
355
81559
51338
25904
65062
4076
23589
993
7322
11098
5982
51593
57608
23185
5290
2305
340061
22993
2013
5339
57570
10629
875
8289
10525
23673
55038
287
59349
1465
128239
84707
7494
8607
51466
132720
55609
57616
7334
5212
114883
6414
92689
55140
25992
83463
7153
56937
84879
6748
51341
84851
22871
3068
126321
898
57713
51019
23401
728819
116254
55055
132430
84275
10411
79815
146439
89782
56997
95681
64326
55209
2009
58505
26994
5592
599
9766
25923
9538
157567
10317
5111
79174
92335
79825
80135
10319
79084
64787
51385
29079
3838
5479
347902
22982
3383
91624
2170
27128
10974
83461
8760
54069
145581
10658
389203
22901
6746
338773
29766
57221
5970
79154
23099
23705
64151
966
51155
23279
78986
5502
1740
6302
6426
27109
79258
84148
10150
11177
79960
4204
7319
125
11185
92312
149371
134145
4258
2788
169200
649
9824
29927
8836
54490
9486
10894
1739
152006
2736
147463
2887
4957
2744
89795
284129
81579
4853
6403
4891
84440
5813
196
63891
79006
5987
157574
7405
23462
29915
727936
51280
4907
22874
3321
5426
8829
27065
3015
8912
152404
28952
152
8861
9266
170575
10024
7100
51474
1854
7920
255758
23263
22827
53373
9976
7531
7079
25804
157869
219749
2079
231
80183
23052
64231
150696
54919
7248
3454
55745
118429
113201
9352
55833
381
5049
6830
84299
51092
79654
288
9242
9378
57463
10406
2582
7067
1602
151473
154007
143903
56886
153241
23324
57062
83452
1009
51335
10278
8648
200845
23028
54732
84926
79850
85457
79567
6614
55353
4751
5575
133686
1130
474344
284611
7570
219854
11065
5265
94239
64067
4676
58986
6595
11043
719
3925
7360
8740
81563
57537
51104
23037
891
5166
64395
23530
113130
257194
94025
2395
3181
80263
112724
4924
26524
152206
11130
11072
80144
9128
2774
26036
1902
79695
29780
51209
2014
220963
9957
84313
55243
199800
6195
2350
168537
9126
55844
282973
7520
10144
4659
129642
6621
1999
5685
64080
25825
83930
65018
746
51762
51296
55599
492311
1909
25771
26747
80204
58494
64788
5511
259282
6634
580
7507
59345
653583
164091
5334
8834
3151
2189
55752
283537
2687
10036
1535
3902
6920
79866
23089
56911
57188
672
29080
1573
23362
10198
23545
84296
5516
283554
4724
23167
83988
220134
4288
54947
7328
57546
55248
5577
7764
192668
158584
63901
5464
23466
261734
3184
51203
25903
85363
10434
2192
79083
5906
653121
54822
112483
51309
10745
2934
376267
5434
2734
84958
3148
2705
54733
4054
84324
83786
219988
286144
57605
84910
1657
51053
64105
10294
11031
113791
55800
138311
55215
79774
55757
466
55698
54504
9263
1104
10598
10979
474170
23478
10626
10100
55812
79968
78990
51228
10413
112616
3219
55620
9097
9319
80179
4928
5311
81614
126823
10492
2863
79974
9401
84432
79152
84836
55152
6434
83464
10370
122830
90459
126282
5690
4172
220965
64756
22902
121256
25941
64084
100131801
51719
7083
5524
9622
9214
9817
79170
9833
285671
3655
11222
1892
51364
167691
54454
23118
60468
219654
10052
23306
84909
5252
1636
10396
221443
10096
220213
221662
93986
4673
5892
64785
5983
55904
117
203
388228
9918
146857
5213
3816
8674
388115
63876
54431
9341
57458
2770
57492
64397
29127
9223
93183
9615
84548
9851
51512
10459
57519
57182
25886
85365
51279
57599
10401
57502
79026
56605
1022
387640
7993
54808
81606
79050
51517
92749
79818
8631
3575
85377
1131
51439
5411
9745
89890
55355
168850
607
11326
130074
4798
6242
53354
10765
117248
9156
9457
405
2140
819
10013
80727
64759
7298
91433
347730
284098
9857
8038
163732
83986
199
9738
84515
3014
80323
54468
5067
55851
400961
26135
4043
10153
81502
221749
23759
27439
256281
58533
1113
117143
57798
10972
54510
5106
4674
83943
55651
28969
64506
84057
9169
26030
653464
6451
1337
26121
5923
84138
4882
63971
3608
5160
219670
652
162394
6801
64786
26586
50848
26271
2145
8492
51809
5584
221294
7027
56853
388591
4325
9540
80301
23201
26502
5239
321
9941
26224
55916
23506
11234
11309
2553
6573
51754
10602
28958
22927
54462
7879
7321
10051
51102
83690
22849
258010
57728
10403
55388
1196
725
2004
6844
54906
150468
1977
3437
128153
5990
7756
9230
6628
64802
468
8878
286257
619279
6424
51304
23558
80178
80155
3131
51320
10498
1992
528
9816
57179
7275
23547
129080
55303
996
57469
154141
120114
440026
113174
116028
1984
9901
11276
145376
26472
51696
85439
1659
29929
1459
83860
23432
2922
8613
84309
5002
57524
9231
201931
975
9332
9919
51729
116987
57082
29128
51060
3093
10380
7490
2735
38
26133
9337
9423
2188
5754
9481
6093
122481
84641
23327
220042
29083
55227
10114
10342
22974
1462
11007
4071
4774
11231
148229
5787
123096
27031
81035
57826
147841
51299
8471
91754
1347
4705
60485
84950
404217
9158
9055
6631
91584
60509
1727
199920
51108
29123
58527
9927
8318
10914
6786
8639
8842
26049
1136
84705
373156
6281
25934
92745
57493
29089
49855
9189
51263
64112
2950
55165
990
4902
389072
80146
865
4306
57162
170371
1763
6649
100127983
1153
7434
5824
151613
55837
3549
659
128387
55789
23511
84451
6303
7905
27352
338328
54856
10376
339287
51205
995
6166
81607
151987
59277
116328
114907
53905
29119
8833
23635
55684
25949
246330
9871
10863
6241
55349
168451
64795
29070
439
463
92815
171024
222663
79053
9637
811
10384
84627
57161
489
6236
23395
25803
3679
113179
4192
124857
1111
291
1663
79834
54443
200373
9184
64400
79165
11116
5911
113189
5476
3090
10112
85301
2954
9179
55325
11094
1368
23019
4209
140707
55775
92482
8660
116138
57562
55744
64110
79733
637
146198
2581
10565
26263
10224
54929
9898
4217
51121
56849
55163
10458
10016
5164
83540
65258
79142
57106
5733
5985
4126
79675
3748
10613
9533
6604
140612
9912
55207
4238
146754
126792
145483
1479
8417
7284
6692
23366
54741
6401
158358
54457
161198
577
1464
29978
91151
25907
203522
112885
51659
79886
7095
6294
22930
8309
255520
29890
6491
54478
152273
201299
6487
440515
7039
6787
283208
2674
90506
92370
55723
5351
10960
9133
79048
4176
1069
701
6651
2547
143458
55803
8202
7957
80830
3956
23637
55450
53349
27075
11198
4194
64399
2027
1665
401265
54914
84937
221477
23176
7846
84530
56477
100381270
55161
80012
9493
23491
57645
22981
84662
112942
3757
8507
400
9894
4664
3183
11051
5729
945
1936
55776
54939
10483
10097
11057
11190
55135
144811
518
10576
11135
57211
83856
28996
163255
135112
57127
26509
10846
24137
9810
8697
154661
80129
51015
5496
5720
25909
54739
79000
6642
51497
5965
7551
22933
9427
121512
11316
23451
124222
9530
245937
55288
84814
51303
64375
65244
388336
27068
221150
284992
80034
84058
6301
9343
613
55635
114905
80011
10072
56992
2241
158326
5581
387923
8082
84231
1058
91749
6143
151648
10283
196294
5922
2042
9600
10330
332
10443
5902
128272
5089
1378
118980
123283
9153
80346
5424
2760
58499
5580
4833
64949
57473
54620
57590
285672
54499
4708
27
57192
5789
162073
64968
8503
80781
79656
5139
54982
220972
55676
5465
23367
57477
9578
283383
140733
55284
7301
7389
57685
27145
56171
54708
50
9783
89876
57526
64710
2055
132
5150
826
54674
54532
79674
127829
29803
55016
5436
5636
9270
51444
51490
5586
51582
6542
55254
892
2730
10390
4602
1020
51232
128338
47
1841
5527
63933
1349
10961
93974
114801
376940
113178
50999
4678
93611
7314
25776
10026
147381
51690
29035
10921
79813
50810
10859
10928
404093
55716
1063
26508
26053
113115
126070
55858
5770
26010
5732
84823
137872
1029
148203
339448
208
56943
23532
10990
9782
7381
1496
8539
9205
10197
79902
388121
4689
201562
155066
3516
118924
7341
26130
23171
160418
5319
4331
8701
216
8106
10615
1870
85027
3998
8569
25839
153579
354
1789
25940
6727
8732
10818
9541
5997
1028
54878
6608
2175
5920
26521
10962
6039
145788
163131
10523
55101
6238
126626
94121
55630
2677
26872
50515
10162
84288
5939
79029
125950
93349
9619
84141
26175
203111
84885
64782
840
50650
79157
81931
57758
147650
5930
51234
9569
349565
55297
196740
55526
57720
3508
79058
5087
22807
23225
7260
6347
54821
6813
284297
10419
220001
4524
717
26503
284001
201161
6652
55848
54502
93664
29068
151194
641700
9508
3806
5350
2323
7881
4969
23155
55971
6176
23233
64130
1478
63967
2021
80185
10952
1719
22873
63877
79874
7419
317662
10391
1770
56919
54509
6626
1163
474354
27443
51663
2898
8315
55268
7421
57636
57129
8554
10782
10512
6890
400709
5425
158405
813
133121
54892
7172
51433
79723
140689
23265
23177
10771
1460
55544
1820
4094
85452
4099
51496
4651
394
81037
10327
286499
84417
91543
23051
7259
5216
9180
6623
5921
2967
81846
745
6738
84105
10826
9928
498
127833
80325
2237
22907
221937
11052
84557
346389
26205
9787
162966
2212
55787
79877
81493
55753
222658
991
65080
1286
1072
58475
79778
56339
55872
51465
8564
7134
5709
79711
2200
80818
780776
84340
138428
9643
124540
6878
84265
4033
9410
80254
8871
3123
23590
56894
347273
10270
26150
4735
8678
284021
2
6637
55759
51669
3784
2073
654
10477
445
93624
100132074
1033
54894
1787
7769
57418
80210
23397
153769
26003
90273
84790
11237
79819
261726
8555
339761
55024
54793
55071
54916
23234
699
54552
8974
55088
119392
8799
23549
4841
7096
9949
63897
23190
54726
9353
4070
5230
5427
617
51434
7979
1351
93649
871
124583
1373
23598
9644
190
252995
27285
201254
8312
84302
10045
2213
6051
342979
23250
3824
2521
7726
9937
9526
10971
10260
23633
2313
57148
79649
26052
8428
120425
54517
23301
9197
84273
6019
91304
56172
79890
114900
57683
124045
2885
134353
84930
284018
10439
2796
80119
79917
8508
253143
57531
2766
440503
1436
84913
7675
4522
9088
3087
10048
23178
153768
331
8394
90417
3735
55069
2591
375035
91526
64689
143
5719
3092
109
1285
54467
1908
8940
51761
3490
55245
152002
79893
11025
2976
57689
26032
6737
5634
2130
899
123099
8427
23143
157313
23192
1277
91522
51773
2746
64123
58158
4323
22818
23405
5347
5074
10234
10884
55331
92667
200895
92086
162962
53834
3192
80176
51657
223082
148137
4287
6850
79731
7444
435
8487
84193
5430
3384
22976
55553
25870
54555
5629
352909
5984
10068
84612
8994
26065
8682
167465
56889
55660
51199
6751
7984
29088
219333
157697
51427
8187
10124
283209
84131
56954
7707
83440
11339
23191
9241
1730
23524
8867
23271
3672
2968
81537
441631
55157
222236
1593
51122
4324
54839
7511
54187
114884
3815
84706
80228
64582
146956
79969
55037
26873
230
8227
4245
391356
221035
4628
56901
23476
5713
284361
9145
84722
5175
1891
57731
51429
1314
253461
353135
84629
26086
29880
10272
8973
347744
23636
712
414189
253832
80003
9874
113510
23331
205717
56245
8880
26286
284403
27327
58473
23075
57721
374378
54442
84142
55143
29952
10276
79801
9475
9221
23094
26523
374920
10733
429
23788
4082
10460
11270
27338
79676
51114
25978
10640
2309
9232
91977
83989
1488
127544
56970
896
54464
84002
8091
84747
30008
124491
3176
348378
1075
55614
55273
1453
283358
23514
84276
57504
3276
25813
23062
130752
9946
1785
81611
10465
23112
94031
29
116362
25974
3716
9762
5481
256691
79814
114780
3020
3978
65078
81624
8787
4826
6293
10799
2702
23043
23515
51534
219595
132158
8659
4087
25917
1293
22882
64857
9767
283514
55879
163087
55035
2206
25926
3663
7166
8620
51009
374899
10456
1036
26234
23295
10462
3033
55337
11168
493861
9917
6159
192286
55672
255027
4162
53346
1471
64748
8795
285343
9589
9674
79807
65009
8562
116985
283431
64924
55629
84263
10668
8736
146894
80777
54438
113829
8470
58515
5198
4297
54815
54482
322
79632
26136
6778
54800
1487
3340
170384
54681
27292
7052
79776
6341
5462
415117
56923
54414
201965
85369
10873
93953
4193
8848
6526
57292
3646
254359
4302
9462
27159
8570
81929
56683
54439
79980
11064
79783
10300
441024
199953
83607
7001
5108
348980
11170
54908
54107
6428
29085
144165
127845
2246
128346
7738
81610
92
11176
64780
6230
79134
3843
23385
96459
79647
80177
116159
1501
79595
3692
22934
64061
93663
123016
64581
116844
9144
28976
79576
3609
25809
66004
2764
57019
6894
55713
83543
4739
1185
7029
81620
7693
29110
83990
29883
10874
23361
64946
8028
57523
2773
25
282679
1536
63922
23621
23030
29988
11118
3172
26578
545
10273
9375
5724
28992
388403
84162
219972
51715
64960
7871
23231
25943
10518
6355
25924
79742
54855
143884
7168
26152
164045
1267
84816
5864
6418
3681
333
3619
56648
23
56882
55034
84939
10381
59269
63916
11143
1003
51010
89796
57674
192669
55667
1193
57489
55280
10146
8945
56833
54972
80333
64388
23596
116461
5947
79796
27092
8089
10691
64225
3955
201134
100113407
4810
7443
280636
10885
140545
136319
163049
6720
10360
9879
23378
11320
56993
134553
55281
127281
83940
197335
126820
146177
401474
5601
6605
116988
148867
27013
283459
9821
3233
5792
51375
440193
203068
115330
57474
4282
57801
124152
84688
2717
55183
23151
8975
6566
734
9473
126231
4163
79718
80318
1874
3364
5291
10497
57819
11095
55796
83931
222166
387338
54554
8630
153830
57136
8243
8208
55720
80162
3476
81566
8314
2124
9360
54829
7559
50488
353274
9535
10228
10721
23071
79622
9649
60678
6400
23316
51692
64718
116150
55743
5607
157695
6502
10657
2271
4521
144455
6119
56288
5281
23259
55001
23505
84976
4867
148418
91807
22876
81608
9730
79077
1982
51084
10570
53917
9915
54606
8692
79586
10957
286410
883
55690
10539
5367
1017
91746
10195
116151
27129
2057
655
133746
57666
80705
60412
387763
27333
249
1737
5888
389337
2235
23650
8534
152189
6240
79882
114659
91392
55831
5429
201255
79663
55813
7384
28982
3059
157570
2286
11329
84661
84269
5979
10800
23041
5152
26005
4130
7249
5050
84733
55737
7305
7024
1268
3875
122060
165055
84866
29095
6169
220082
51428
6223
9499
284131
55010
22918
54828
79583
138255
285989
54891
727957
23163
80821
3612
22863
5831
26123
7439
894
950
4776
91893
7155
768206
51281
29901
8884
388327
26471
140735
286319
3800
79932
79178
2762
4332
1230
79998
4773
9939
23080
1452
26153
6277
1288
10245
4931
124739
1869
55108
80856
4289
57623
4285
9801
10152
7798
153339
11006
55732
10538
284325
79033
55839
57001
23255
57085
9563
642
9582
152015
9500
6678
3987
8087
154467
5599
8321
115426
9780
399665
708
93145
1404
2186
2491
1209
6228
10038
5955
5567
11033
59084
486
3113
26060
11001
91869
81622
26230
26470
4300
6701
222255
4605
112476
24141
6253
54675
23078
10687
121006
7988
4191
6646
79135
10714
84954
114804
54976
51537
9114
51527
929
79034
23370
5433
55540
25790
7466
4688
25792
9194
55131
862
5519
1629
54853
55233
64757
4741
4292
131870
55323
5570
54801
129303
683
7873
9314
81876
11243
3704
4124
8943
51083
1340
55278
93323
92342
51124
3607
5255
23533
60681
200316
6239
80221
3782
79148
256435
27349
10899
55191
64145
6138
139818
6819
26097
10746
26504
10163
8792
4221
4034
9204
80343
1362
10284
80216
116238
23241
57704
23536
80746
5243
5802
53344
55640
8727
23431
6136
10299
57461
10397
57017
84520
23060
11030
10620
79772
11338
4756
203859
56061
5603
54830
54938
1953
4811
51388
6518
6182
253943
10999
7296
8798
166815
160897
81554
79770
3310
22879
23181
2222
54538
27242
7019
5861
5037
8379
55773
57095
4771
23093
9586
9728
23450
2302
2533
27131
1983
51700
133584
150864
6670
90381
10203
54498
3622
9926
142891
3587
4712
65985
51372
1397
54542
375287
51162
203054
134265
728392
8841
26098
10478
283149
266722
2597
2634
28512
4855
5723
9881
55322
79697
84196
79794
100125288
152485
6647
158880
27343
25900
9863
162461
22925
254122
54557
26608
10262
8685
10005
23753
9411
253782
4947
51560
6726
147339
56852
9318
153443
92949
1385
221786
84886
10288
64850
3077
4594
54858
5354
7257
65991
8815
10241
91860
5269
6603
155465
5734
55552
1006
256309
64761
7552
284273
89941
54602
7767
10335
54512
57223
57584
133690
57573
55159
440335
129401
30835
8556
120103
58516
54978
100288413
28511
9404
6888
25777
54545
255488
6233
79738
64288
2965
84316
5017
51268
221400
256536
7005
9521
376497
217
253260
11321
9256
2201
27330
1968
29117
127262
2550
84516
51256
28972
729967
5684
55293
51082
7184
1457
55239
338382
283130
389136
202243
847
222235
54665
7430
104
4478
56006
4134
8872
6749
639
9125
284390
6782
55251
4175
80336
122786
375057
54965
6645
63939
51646
83596
83641
6482
29893
2534
900
22861
3762
9103
25906
1012
53637
27238
150962
6895
10328
28998
6232
139886
144363
10580
170394
23303
1408
9368
6616
647589
6545
57456
22800
653361
338440
10432
79786
9159
2843
53947
7009
93436
6507
124359
10501
140823
6004
221091
51319
10645
64745
164832
825
84897
3267
57038
7060
7107
204
23005
116832
146540
730098
10263
57154
311
675
11164
57447
23329
6860
757
43849
113402
5664
9183
9425
55664
114908
4893
57706
55578
11000
55788
285349
80757
5747
58477
128602
28977
2359
57187
5284
11165
50618
5191
1755
286
23594
1174
2994
60677
9633
57333
10780
57718
29093
221078
1019
9468
51454
10277
26137
7791
7156
25984
54453
2316
51631
137964
6509
112609
25836
8578
3726
9321
56259
84870
127003
55275
29799
283848
7782
23480
57544
342184
4869
55041
78999
5264
9682
81930
121643
10147
284612
790
84620
170463
10919
10113
3225
1441
5905
29916
9021
54058
1027
143503
10558
22898
124454
6944
50804
387893
10741
84826
8881
8603
23387
79713
23210
80127
3945
54893
10007
10553
3689
6510
27248
3209
54558
60672
118881
150368
26047
254065
90525
22845
155435
3801
2287
23085
27147
65993
4864
7555
2044
128637
9675
327
399979
55252
2289
7112
4998
285440
222865
3191
55244
9935
7132
154313
23214
3199
148327
163081
1303
285590
8575
5412
124801
80349
29109
51282
55184
25981
83439
50856
6903
51601
26050
126208
7094
55334
2006
196074
5064
4069
1519
5125
55758
114327
54819
55790
23095
134492
334
84993
2935
4329
51477
11261
348235
57551
257177
9748
845
11212
10923
1272
4649
54148
1731
6203
3185
64324
23603
55127
1760
283871
10020
26353
25801
53405
6009
127795
4352
11174
8165
28985
7704
136227
64771
56181
7942
9424
55739
387496
115111
285489
9925
58508
26494
26269
6941
1975
2906
5204
5267
5663
9170
55247
57650
83659
51188
9961
135228
27429
9792
60481
755
5989
9429
10274
8161
57449
22938
4481
22924
550631
113622
4591
6164
374655
7372
593
5396
10474
57606
57578
64699
3590
56063
51684
1798
27319
55719
79791
100507027
60494
101410538
7805
27339
7857
56547
79370
51592
83861
1565
5199
51668
10730
55779
3808
23351
8416
79085
207
3577
79710
6773
10137
83858
9420
84689
220136
1741
112840
64769
254531
9025
80762
116113
2673
9334
7343
150737
196483
80312
817
79959
51277
132864
10939
26240
51529
165215
645027
7940
11333
6150
51091
57498
56897
23063
23345
57451
4041
25912
58189
79693
1997
28968
285636
79188
63929
89853
3603
55823
27436
1352
10229
9777
147179
84191
284406
10945
6747
5901
27347
83853
4512
144406
90333
3699
219539
2769
10569
9260
4354
80235
2194
3817
58487
21
53944
535
5822
6272
647087
221302
942
3810
51021
471
11096
26262
79864
126353
23035
9112
3122
1212
51741
126298
79102
221656
5925
6576
7465
83937
10519
22885
54585
84525
81704
5653
91137
51318
57459
64081
57405
2123
728489
404672
56005
6875
65263
23097
401494
6165
8649
9043
51311
10556
81688
23390
5293
54790
4707
7327
84946
148213
148103
5431
64077
5692
23347
4088
8502
57224
92675
54455
9203
392617
387707
23704
283518
149647
55504
51154
80712
64102
23435
29789
201294
81605
57205
79602
59343
84364
10296
90196
1951
22926
4129
64332
412
4830
6500
6156
53981
1660
285550
4343
3684
57509
56915
11160
50717
23228
85451
8832
1962
219931
23108
65977
8546
5689
51742
131578
11014
7705
3281
6810
2072
9474
2110
55332
204851
126068
7103
23308
4700
286343
4357
10268
57705
10446
2036
6717
585
91419
55049
5961
64409
6439
8548
7423
93973
6259
348
7514
54764
55897
7008
80775
841
5589
51654
51000
5325
93487
79019
91687
56834
540
7762
606495
10457
2794
23555
10663
83787
56650
60313
1822
9524
55367
4149
64779
23012
143879
375484
126374
4779
10325
7586
57580
26115
3937
8558
91252
27020
10058
2528
56946
51185
7158
5445
256471
79172
27433
3241
4849
55655
91156
79760
10099
2264
65055
94030
9688
10
867
54102
23261
56980
6450
55311
11093
58155
11249
83892
57120
84959
22948
694
23229
5029
4668
6389
23001
9702
112399
56656
11091
6146
1359
6546
3953
3626
4710
624
55196
7424
151354
116224
2909
9451
11183
1729
57559
161882
85476
285498
256227
7064
83657
1499
84284
6328
29097
10499
4610
9100
219970
55975
25789
124975
64223
7461
84804
11169
9978
644890
6790
8797
10564
11035
7247
285
91298
114971
5780
4702
57575
126133
3178
6891
9329
115209
391712
23383
4174
5051
7091
26000
23065
23518
26985
388630
10326
3251
9645
4293
3636
10210
55588
55114
7512
254013
284013
10314
65243
52
57600
57130
92170
3624
5594
133923
22803
170261
83481
762
55106
80896
9276
9522
3111
29843
9200
10573
339327
256126
113277
56114
56474
22834
29071
55816
90637
3930
55705
23676
79828
2668
440829
9706
51231
196385
374977
2011
55852
134549
84750
100506742
23348
201229
9202
5289
4647
55105
161003
196403
6532
25896
153642
196996
63908
5796
8751
55862
30000
57538
51667
51343
7252
114803
5552
4897
56131
10527
23092
1407
137362
23039
79785
51460
152217
79073
6924
1767
51760
5528
127254
51691
9797
51573
90355
5279
64429
9719
84223
713
2852
1026
117157
219844
85007
3764
55005
149563
54472
115548
201158
2675
11267
9295
9669
83985
5927
389792
6185
23266
10713
2857
23741
204962
956
51186
158399
23659
91949
64344
56994
58488
26051
83591
80153
80736
8837
25921
51071
2324
4935
72
254956
6654
220323
93185
10412
51755
5345
9820
84166
6529
64175
705
285203
7917
170850
2990
140803
8846
1355
55765
121536
27077
8930
9972
57693
7264
604
158131
124995
2664
23042
7046
10521
8807
283991
5203
337876
23464
94274
196441
132671
10138
6764
54849
85459
55039
80829
51171
54981
2565
23732
10121
7358
153364
4542
81539
339451
7411
29775
56917
6916
3563
2242
2743
4482
5320
143187
51067
246744
1674
123872
170690
1486
79762
51547
5959
89781
64174
51128
7011
1949
83597
2016
7332
1394
132884
3055
30844
79726
23142
126
83473
55110
8999
196883
988
64089
4436
80853
1299
56925
1810
285368
4091
22979
6002
84650
2937
84918
30061
6596
10240
84132
79581
4232
6324
353324
2524
79848
5361
344558
25948
8897
54928
79720
64901
6612
2823
5478
83593
342926
90701
5868
2002
56990
26249
5986
170954
25852
8372
4168
6667
23423
904
55510
54927
158158
54854
6904
55240
79139
5557
10907
10892
51616
9076
85358
1431
167227
22858
80352
54
399474
4303
54433
26278
6263
8667
11275
23528
151050
4839
2475
116983
8707
23109
5788
56902
123811
5797
2064
10200
128
79047
90952
10795
4223
8899
57396
1603
6854
83992
80313
8482
27005
64499
54664
81558
27243
285753
51293
55156
7866
4999
283807
5682
9710
10106
357
23195
5137
8909
4286
2306
55847
54065
56243
6615
90639
59353
23658
79701
9051
84197
8493
5349
6556
10929
27345
79064
111
51117
10695
3069
4234
79184
28514
56204
9317
84314
85460
23288
65056
64783
162968
80854
80194
8131
55654
121441
729852
24147
5858
54477
10075
79018
943
5728
8997
23064
23276
7542
9692
348262
7776
22848
26268
92609
55959
152100
3203
57472
6688
115908
9277
84861
2562
54556
92799
66035
54494
115749
7126
9119
6196
313
5696
23543
400831
163126
84034
64222
143684
293
5127
83942
22916
84062
1305
3119
3903
92979
26157
10168
10336
113444
100170841
9908
54432
26147
6836
51752
115653
1735
55167
133308
3586
643037
26095
8624
80005
65251
4580
26043
8688
9752
9914
5189
714
134957
11171
653308
158046
51069
6168
2949
6533
79095
168090
84239
10904
7525
387921
91227
1768
1544
84300
28956
90203
80255
55229
127602
90527
283870
23215
5738
50615
1386
161
25873
51397
55344
91661
267
10233
55741
7781
10061
9993
5309
9716
5799
340267
26085
1778
8908
124245
22894
7402
23683
55269
23404
1103
80142
54551
23131
23550
5229
51101
11335
56957
166785
538
84232
3142
259232
81786
8673
55120
9013
63931
3813
55905
84681
57380
5827
5095
10014
100303755
64860
27332
51011
112495
1445
30011
26018
388335
54475
84274
5195
8985
5193
388969
3074
90624
57169
7035
6885
286046
152815
728
11341
5860
1456
222962
59285
116441
80122
92747
140706
392465
1114
954
27163
4092
7518
2357
10430
6633
2767
253959
30834
57467
83595
170959
143279
3071
7903
6198
3554
152518
78994
79133
54922
55032
115098
4012
9147
54680
4762
8110
54875
80332
23587
375748
5104
100129098
79365
6793
169981
9715
57403
401115
10473
115290
255394
54953
51585
7014
10450
2596
345895
123228
7023
144097
488
2733
80198
57805
51307
84904
9450
84645
3066
6382
27430
64118
89765
84277
25796
4117
23122
2782
2254
84464
6305
1329
57175
1654
6665
89910
23567
153478
84245
5151
144110
151176
22823
90522
348654
169611
5205
8139
5715
522
54328
9358
156
26156
25939
1195
5335
25807
581
114795
1327
1803
79934
145508
8677
94101
56261
4686
130497
11046
23336
145389
23036
3783
374291
7336
400569
23645
2802
6383
55195
56948
54970
25853
164395
23221
126299
54995
10092
51241
400506
122704
9665
23394
83667
26118
163175
4089
83746
84932
56603
23254
4277
116225
158431
128308
92285
80025
158787
26046
64236
5716
8824
84656
80208
8675
155185
2051
400073
2113
940
64895
29058
84676
9581
92595
55722
2530
203100
10804
153643
115106
84124
10985
51284
51105
221120
9659
1510
57634
3295
9855
5025
11240
56986
7010
5194
100131755
64418
4068
64798
23639
55835
8590
27440
112858
84189
9945
56655
54778
147923
27132
26275
27133
286527
6331
972
9057
1101
473
57602
54867
122509
165918
4237
8459
54507
54998
1318
2266
80834
5214
79685
11154
23318
5828
127933
199704
3804
339231
162282
23354
9718
10807
374877
83541
65975
153396
11078
9804
10915
80086
11313
6731
55250
23576
94005
55508
4690
79763
23446
29953
221143
55707
115701
79739
6097
133015
6092
221
138241
3788
2904
1493
64216
283742
81892
6397
7075
26740
29104
23649
126014
27019
169714
54957
402665
6047
374393
26574
8451
286530
5435
80020
51603
573
254050
25884
55689
353
27258
128240
3852
283933
55572
84186
64426
4851
6869
10019
136853
168667
81542
10235
10865
2622
221687
55554
27235
176
359845
23588
151011
90678
4701
121665
23428
80143
55321
26577
6102
57153
7068
317781
3996
513
29072
57482
55345
11127
416
122769
2101
23468
22847
283989
283377
51538
284723
84289
51520
10541
79954
22897
23379
168544
123920
80342
51107
126393
4125
55000
64919
6601
5296
2035
9392
54332
2050
29796
201625
55819
7050
134147
55315
387601
254251
10206
64754
7167
23244
11141
54861
8900
129285
64327
9394
25841
10318
5763
1410
23223
80256
6013
430
9034
143689
114991
10426
9735
144132
127
96764
57465
10949
113828
1213
285755
57541
94039
4692
3300
7976
9244
57222
135398
64772
25858
91369
90379
7706
10094
401097
54434
57446
1915
1520
10614
64839
5547
201501
166968
6497
59286
4716
5870
526
55294
84878
134637
10486
79149
256949
905
388325
4613
340578
10559
79075
91801
79768
84890
56731
51239
114823
4726
7802
7918
140465
79930
9306
6905
51564
10562
26173
24140
254102
399949
51142
10664
10285
9510
3633
65220
51751
4017
4507
10944
8818
65989
9953
8763
79623
10164
1503
124220
8621
63943
29896
116
55601
28
10311
5597
506
55754
30846
57122
1300
7007
8086
84900
5110
80230
10922
22854
8405
18
4188
196264
25888
10440
25814
80264
4850
51643
55149
57864
79147
8533
59348
9905
8336
1015
84458
9690
10018
9439
25959
83939
83460
869
54934
10213
57097
117144
6733
115939
83737
7125
3115
4513
636
27097
5316
51109
10724
55626
116071
83640
1297
9188
10897
78996
10647
4796
388677
392
124093
8190
57700
7031
200403
85478
5711
84078
29894
389432
91612
64764
83999
11325
57630
55176
6513
161582
219541
102
10461
286451
26211
10693
10980
79643
1454
90580
4066
2297
65998
133688
26040
2319
124842
57711
55658
644096
9662
3660
5617
401207
7374
56899
11214
55352
64062
6280
9406
29098
84630
132112
116841
10363
51177
100130519
85407
761
9557
51167
8460
5693
2517
55224
6441
11012
8658
866
2806
9755
8665
10557
3054
501
8536
283232
6992
84881
79590
953
114609
157506
55164
115825
25901
93100
9761
22837
79780
26959
144100
83394
10767
6884
25816
4541
51182
2187
286827
54039
6208
1794
133383
120379
22996
30837
396
26528
83544
22984
26034
2054
26100
285313
87
64778
26122
7186
83638
56121
54112
65108
10533
64854
9331
157680
64405
59274
10574
11027
9491
2915
57471
79750
539
373863
4801
9024
51244
9063
88
2346
51249
10067
27123
6256
7529
2783
50809
54920
117286
56829
1849
4093
54567
84912
401562
643699
10910
8776
60676
440603
9854
63976
6362
387882
868
57478
64342
55218
55653
5147
10123
1161
79086
8500
84920
91120
23440
29086
163486
5523
143384
6745
51366
5878
84153
9570
3430
133418
83636
158
83890
4824
84163
4818
2889
158747
4968
4359
5407
662
144809
114791
10066
23389
196383
9416
81873
10170
11258
631
337880
221908
5134
57703
2621
55967
5694
7422
27034
60680
2814
6650
9841
91012
10254
23411
116143
57171
7026
90594
55090
9120
4013
9413
55206
441151
55082
4345
8111
10788
6936
5504
54469
23585
23107
79159
4586
55726
10266
8857
134121
63895
128866
27012
84327
9236
2028
51382
78988
55151
1071
7750
7476
131873
7150
51552
7139
947
26064
374900
10876
54033
374907
1315
84298
2870
201627
9842
55958
10424
2585
80776
8079
29941
2798
200931
9069
9379
9886
10101
728591
388
222584
93166
10844
57534
63826
6330
240
3778
55521
7180
139221
788
58528
9757
340554
6883
5326
150297
5573
7329
7701
1241
63940
222068
962
3459
257236
55109
57332
65084
388558
79598
9991
25885
8793
55255
362
79870
5678
161436
171568
139735
79888
8654
64963
128710
80207
10585
65990
23213
8925
3799
85417
26054
7991
3916
56964
10847
3772
1836
729
2931
9904
387723
6183
9556
319101
27030
7695
56111
133957
64693
113278
284252
6251
22995
92241
54988
8358
64969
2219
10579
4179
57186
25879
8448
23161
153020
80217
643866
2205
100506581
9445
9963
64841
84467
149840
5366
79094
728116
6879
79339
64943
51097
84102
127428
2081
51635
283578
64376
29992
2920
55173
3084
8936
163590
22950
629
2593
5327
7037
25987
197342
594
84456
29101
29968
79633
285877
10524
64837
63941
1025
7913
83933
26027
55031
6602
57406
5571
56912
10063
839
23742
55148
56132
200958
9056
51411
3673
55103
84140
79091
1052
7813
54617
25962
51567
89792
54503
259173
84709
5695
92610
8568
57709
6334
286205
55379
10385
1945
57567
5440
11332
55968
55116
3845
6257
55634
738
129607
162515
28962
401551
387856
2203
440560
8396
5063
84310
23187
55072
51506
51187
6415
340277
222696
136288
23199
54926
1495
23473
285598
23240
83987
2132
219699
1857
753
257106
57176
63035
51096
162427
11103
112869
55023
51655
5340
5886
284485
81577
220
285051
54994
908
5810
4150
353116
23304
5368
284443
84135
9806
8065
9502
85441
729359
54165
54093
517
100293516
6357
57216
200162
65110
85379
6474
6666
1364
29028
3954
54623
84108
7025
27069
2686
341
6338
28986
202051
339768
130340
84524
11264
140
158293
4316
3786
54777
23164
55153
56938
10749
146712
79913
84439
2828
23392
221409
8462
23208
11161
255928
59338
23252
54707
84365
123169
8886
51123
64092
5480
54676
84859
79585
6671
23369
55166
26235
57655
201176
51079
9209
963
2023
64098
51728
241
145773
2747
3240
9868
399694
6335
1234
2115
353500
7227
26091
3306
29066
55500
51230
55749
439921
8774
51310
117245
5536
5546
55040
8565
22859
51059
85019
55253
5935
79625
6432
6161
2207
64792
157638
80763
55670
118424
51267
79659
339229
11016
201798
79568
26998
149111
6656
7182
4706
80071
4151
8668
257000
410
64770
390063
3551
3098
9262
83450
54885
23504
23281
874
55735
5346
10149
11153
23542
5268
1676
84328
6713
7273
9828
79683
51704
8634
26164
6141
23026
22
3227
8445
51115
10059
3235
4363
55791
134430
1716
9798
55888
283316
7353
414899
22953
9369
4486
5034
6452
144699
9610
3823
3751
55966
8904
60482
292
1998
9325
90673
26610
10490
81875
26035
728927
55119
147111
140459
400986
84332
84268
8803
5981
1263
3957
460
50651
153090
79364
26267
142679
159090
7059
120376
6789
597
119504
26284
160760
1687
3326
10249
9215
84190
26469
57795
154
11122
490
5001
9019
2330
163154
843
9725
221806
374470
55731
6927
127253
6829
9887
140876
353497
64965
80196
399668
55296
57407
23269
11315
221458
4858
79719
94056
55585
51651
158798
51175
678
147906
54014
3836
440574
643236
440145
8739
124
5130
3899
55012
130951
8313
54962
6827
120227
8790
6932
3512
5873
1215
9813
64423
3652
5600
55279
10451
1827
85450
143662
11179
55900
5128
59350
80344
9956
57698
130026
7517
5686
11010
9911
2273
308
79709
80381
1964
1773
27247
22919
285855
54662
24148
1946
7543
63926
3257
56647
6821
51676
9875
472
23560
84329
54456
23456
56673
84312
192670
3848
10627
84991
9683
10970
10302
51106
3419
150383
2830
90268
3675
83660
5651
253190
84307
54877
29781
55154
51491
10743
5019
1317
51065
29986
8812
25840
10578
221322
10472
494513
26517
1558
10148
55174
5300
8662
84253
116064
11073
54905
253738
200424
5991
9465
492
79629
51148
22824
388789
285267
8676
54903
7475
81556
2810
5649
79943
85016
27346
3811
658
91875
81550
10409
6591
5579
7922
1848
9869
3036
79657
79001
5428
3714
36
6375
3791
84437
57158
81555
79946
9931
3858
84532
7270
5775
596
23519
3164
2267
23013
8233
26059
4736
6721
90693
84271
23274
11189
151254
11336
22929
9330
93594
112939
55095
374383
83850
84259
51290
55212
7980
283951
223075
491
51360
3803
114826
8805
255743
5452
9823
90480
80317
26146
283726
28960
248
10120
2665
55750
8516
51143
5451
846
115572
79803
51665
348995
26261
51070
55216
10712
54967
11194
22893
4598
51768
55869
51499
2104
150082
9388
9023
22809
8345
221491
8545
10320
51006
79915
51324
79871
27085
2803
29760
64064
83894
10261
256380
113675
6594
126433
22862
4338
1301
92935
27036
6210
650
5683
55033
201456
157657
56133
83539
9515
56649
5275
64776
29115
58525
3421
84267
3556
9464
25894
94122
9969
27257
144577
79736
10422
483
115416
1996
2916
146433
7728
83857
22797
92140
120224
1524
389898
84449
55003
124565
80852
23032
414332
54859
9709
66008
163882
2224
5158
83637
2193
23471
347733
85320
81578
90993
166979
138716
8821
5261
90864
23150
84225
29914
91975
79991
57452
10015
55860
51594
8971
2030
85442
4861
23283
92715
11101
162655
1738
54931
9373
2516
339210
55112
3329
51548
54788
10196
6629
163404
134266
55974
1398
6590
5791
4336
89845
27154
51095
11182
55815
55972
57409
100289635
51308
139716
10463
54497
24138
79752
162387
26266
79180
3698
90141
10652
205251
409
58491
25851
64599
836
7844
56941
28964
729515
9742
7580
4621
84726
132851
5028
7453
2172
79591
10282
4122
9896
144108
10992
54986
2317
2941
337
23677
8331
100129250
148789
63894
2353
6443
221938
5781
60489
2281
10732
55299
401647
4817
80218
84250
375056
91851
57104
643641
81887
186
4008
6659
51735
54522
1852
2131
54436
57455
8200
23239
6396
100129271
80347
7004
140883
3010
3250
148266
160851
5515
57817
126382
342574
5342
345757
7633
51566
5913
118460
83449
5116
79621
6340
30836
84695
146845
8906
55435
121642
54958
1381
3559
79631
475
137695
10125
5937
4650
51634
4696
11178
155006
79618
6641
26057
6217
137970
54993
2589
3162
10084
727800
26256
11236
8382
11284
408050
51449
84303
347862
51043
85409
5576
440836
339855
147015
10755
23220
6402
5054
84807
10750
57695
356
130
374868
84817
3486
26019
91283
342096
550
2339
114990
9419
4904
79669
8484
55755
169270
84498
65260
84216
729230
57707
579
9497
552889
84941
1350
3005
10522
10165
5033
27125
148523
247
51004
199870
55632
1877
64135
11132
79696
23204
80055
57823
219902
23328
81609
50636
9
57587
1521
6229
284184
23014
5931
307
93650
84236
2017
51207
11020
80745
7582
23307
23770
9527
54948
30819
3589
286148
57732
81790
57644
10500
10467
56256
55701
81
4240
10927
138429
417
730094
9039
55274
54841
51604
369
5303
132203
23787
3802
55729
5454
6653
10313
10964
135295
3096
338692
29965
5202
64773
51373
1776
23729
10507
56898
6503
4983
9870
3805
378
11255
5207
22887
151827
148534
56652
23708
56257
11282
7266
79155
22936
54985
221178
81706
50489
81616
140739
57147
8801
5833
9878
84787
2556
28227
2784
9785
51379
161742
114885
3429
11266
7181
9442
26229
5726
11244
50862
29967
27101
10888
80339
23098
56129
84446
203260
645
22900
8888
116843
10540
51213
65003
644353
87178
10425
140469
22913
51673
112464
10948
23608
4842
57614
9240
3965
148113
84624
80778
3670
51706
84891
57586
221154
6575
266812
161424
23400
29881
79906
9992
173
11119
22826
55576
23352
29946
81888
7710
130888
196374
51192
22838
57007
80007
51193
338699
54904
340351
6320
79832
115123
54940
147685
9899
9858
159686
81615
347736
57125
48
51513
397
6567
84561
9567
51733
23380
6792
6536
26206
317762
55194
29078
389895
285605
9045
1621
1291
5819
9528
768211
23508
80115
64921
26511
7080
1002
256329
901
55856
51619
8800
9514
197407
2983
7454
23119
221692
7366
115265
2903
113000
55327
5048
9723
2329
124599
951
1879
51237
27296
79817
54862
56888
10418
6199
2932
64801
57830
147699
54531
7727
6117
5373
23243
30817
3434
85453
11024
97
10802
2255
638
9092
10973
58517
4694
1819
57727
3676
51778
55210
647309
51540
51149
50484
81796
81603
56906
2886
2120
54799
80243
51264
284106
51315
5869
2678
55217
8723
57649
91734
54952
100128927
84988
55567
10762
84334
3242
10681
54566
5862
55234
54870
161823
482
91147
23322
256130
10766
1371
23341
10480
928
3112
84229
10514
3475
128861
56945
6839
5739
1118
79140
23586
2787
56944
83547
23169
10505
9913
390916
2902
4929
348110
200186
53615
7474
65986
56000
222698
83443
54813
1056
5918
11083
11322
131118
2595
400566
23076
162989
65094
3222
1639
55083
6181
85021
50617
403314
9698
23648
56242
342035
202374
1374
90226
646962
6809
23509
5611
140831
60
135114
9294
11247
11092
26073
3420
126789
79839
339416
121457
64856
6327
254427
6925
8504
10079
197259
9764
189
8310
283748
6866
64420
51164
10747
4723
8576
51371
64744
27158
57549
80167
58485
26071
9175
4799
860
25875
2804
9786
3376
10785
100287482
54757
27035
134429
23408
10174
84060
9585
55915
80199
7429
23066
23358
221393
11075
26575
147694
55898
582
5129
253558
90324
57553
131566
92960
129831
79939
22820
79758
23270
140775
1783
5889
7745
81544
140890
79088
642517
60490
29105
150274
163
256158
84256
137868
9498
55324
81572
54806
3755
26191
80895
22987
55663
92521
403
6730
113251
5899
10723
3915
6736
79577
84335
9576
51
977
51409
90627
6945
7415
254394
7456
148252
116842
100131017
23317
51808
1175
11226
9965
93
30848
129787
113419
375444
51013
9135
10293
56963
57099
9551
8651
8497
6120
5439
6804
147920
5704
60558
118487
283219
1643
23157
5829
55219
1880
70
51738
8666
90853
152185
221545
55086
55113
5818
4973
89886
55036
3641
9046
84893
401505
29099
23203
145270
54937
55017
2047
79891
10054
56254
222256
833
55170
30827
64431
133558
84100
8509
27291
644943
55192
27090
23360
11224
7768
29844
5355
4218
2259
7171
170506
83658
5558
22868
730112
140701
10155
7803
1051
2819
285237
130367
92014
653857
91107
5163
5217
10008
6756
341676
144608
147744
80067
23165
2091
9308
6676
5520
5877
4656
27445
199699
29107
284439
4313
26272
55717
100505876
608
23557
3594
4121
219770
9050
7385
54968
1384
27340
6868
146456
79650
3732
81853
127294
5929
925
5314
55766
140687
201516
28978
645121
2303
89872
59352
199777
11251
706
55861
4015
3135
5023
7318
27185
5544
775
55340
5287
9509
8406
2653
84617
51287
151
5075
169522
146722
29108
6440
146059
1490
5341
100529240
7462
284805
51119
4261
4016
2208
55203
223117
4846
6275
90488
1912
9096
55559
60526
83876
338761
3125
9249
64897
55843
137835
23237
440073
10991
51225
55625
5836
29948
83706
118611
301
389119
56241
285148
64333
7748
219855
915
150
11148
201895
6425
7032
59271
90550
2209
3543
60312
50619
80298
26354
914
2982
10926
95
6423
51151
161357
91607
1346
2623
402
284417
1511
65008
10544
55846
6279
129450
10468
4335
1675
