55790
4056
5740
1789
122953
316
171024
4689
11034
151887
3075
27086
3575
11185
11346
5154
120425
23643
83604
4072
4488
26996
645121
64098
858
222171
2303
8742
89872
9590
1908
7423
55970
3113
284297
1363
59352
64123
23479
2099
29015
79148
283298
128218
6678
4256
3122
5199
79776
54504
116496
8913
4784
80301
6035
10400
9934
170371
374864
118429
199777
474344
55679
10673
168537
374907
11251
85004
51063
397
706
2624
54438
3225
3684
783
83593
2908
10133
81035
26112
5350
54985
55861
646962
57111
92421
201562
55603
64115
6039
57722
9182
629
51191
4130
84336
54331
7096
4015
2157
55303
3135
8404
92359
5023
7318
6347
5724
90952
22848
23499
151449
10446
51696
4066
27185
5544
683
775
8807
120892
26010
54796
11145
5414
55340
5287
10894
4259
144100
5138
9509
64744
8324
84898
10875
119587
1634
56950
6586
3925
64399
7373
5507
55170
92999
55074
4600
57616
4487
9068
8406
2014
4215
83700
53407
64231
3512
2653
489
84617
79649
51705
57596
7940
4638
2018
9459
5176
200634
51287
3679
51751
58493
55084
55759
56925
116039
11259
6844
2122
7305
55107
80854
340061
9452
140597
7586
22881
1389
6386
953
2306
26586
8490
10231
151
3913
51284
4629
355
389136
3142
3111
116159
29880
84886
23613
7468
56935
120071
1164
26263
9771
145567
8828
5075
387893
51267
11320
10256
55283
114795
3161
197259
79180
169522
79895
104
146722
29108
83464
6440
79053
1632
3249
146059
3316
1780
54836
11345
23460
11309
64388
1475
7103
56929
4481
79839
1794
1490
5341
3603
100529240
3720
5787
8395
58475
10288
152503
26751
7462
7494
5587
55573
261729
4311
4599
259230
56963
284805
29089
8382
124220
6038
6403
51119
401546
641700
79019
1299
79899
4261
117581
713
622
10561
57405
57082
891
64321
140606
50856
64747
5175
9322
88455
4016
84057
3181
5774
57486
2208
56992
23371
2326
2260
5010
51512
157285
120376
55203
223117
219654
22801
29091
54733
4846
22797
9131
158787
59345
113130
6275
112464
5239
1727
90488
5906
10403
11065
1912
3382
9096
79742
26872
5241
10795
1003
7083
991
133383
55559
253143
60526
6337
8736
27010
1063
11130
10551
55973
6332
126969
9213
580
285382
114897
2296
64946
79624
7298
81493
10344
83876
9353
57402
3764
138162
9444
29992
5360
8635
338761
57134
3149
27141
80150
30011
94274
3125
23112
3213
4772
27295
4085
10053
1787
9249
5654
2124
84817
10466
283537
64897
1295
7799
27443
170575
64087
55843
9928
9133
137835
23237
125
712
84520
84706
440073
10914
79084
10209
5092
148867
51241
3215
55075
132299
83879
25996
10991
53917
51225
5236
4751
5579
4684
375449
64207
85027
4246
113201
255758
219899
983
84166
55625
5836
29948
26471
89927
10149
80129
2737
5218
5320
282809
7360
83706
332
25992
80221
29945
85409
91523
6776
962
2532
11004
1612
2176
10974
51082
10440
5792
3290
2701
83707
1870
966
29071
51491
51361
7454
10577
84722
7030
118611
301
91010
9462
10224
5281
9985
4094
3454
10592
1875
256309
55839
6938
2935
1841
2869
389119
84281
56241
5997
56204
4908
2947
2752
64949
55342
27439
285148
3838
93349
9252
29842
55803
10198
9329
6608
64333
7368
7295
79789
7748
25841
23114
6004
64778
219855
1307
10758
55165
3549
59338
22949
55088
2487
10580
144404
25923
220042
64094
25879
64151
112476
29883
150696
1522
219738
915
150
7068
116985
140890
2327
4053
776
7447
146439
26175
30008
11148
5212
201254
27101
5322
123099
55355
717
201895
23624
6425
10791
1368
3236
7032
25803
59271
4803
84259
90550
2209
133584
57826
3543
7220
730
7110
347735
3730
165
3434
60312
162282
10411
50619
2028
57099
138065
148327
23236
10237
80298
1836
10439
653361
26354
914
23199
2982
52
158326
126321
890
8839
23566
10926
3655
95
1441
4234
7849
6423
55328
10036
744
51151
161357
5111
91607
23035
22874
10772
11116
1346
55893
80010
57001
2623
9467
402
129080
51411
284417
2534
23173
100133941
51338
1511
10749
84913
11202
9270
262
64105
3170
50515
65008
10544
79785
28959
338328
7060
56853
253827
10000
9212
55846
6279
1909
2615
5137
129450
147798
942
94031
23303
80830
56911
143903
3993
126823
666
10468
400916
84708
6929
79590
220074
4335
90417
55742
1675
10804
66004
